end_date: '2023-06-30 23:59:00+00:00'
fields:
  close:
    description: Open/High/Low/Close/Volume for the interval
    max: 1946.14
    mean: 1817.9100159722223
    median: 1845.9250000000002
    min: 1631.75
    name: close
    nulls: 0
    std: 76.25597725490661
  high:
    description: Open/High/Low/Close/Volume for the interval
    max: 1948.6
    mean: 1818.3825307870366
    median: 1846.4450000000002
    min: 1633.9
    name: high
    nulls: 0
    std: 76.27993660744957
  low:
    description: Open/High/Low/Close/Volume for the interval
    max: 1940.98
    mean: 1817.4284247685189
    median: 1845.32
    min: 1626.01
    name: low
    nulls: 0
    std: 76.23398017611073
  open:
    description: Open/High/Low/Close/Volume for the interval
    max: 1946.15
    mean: 1817.908634027778
    median: 1845.92
    min: 1631.74
    name: open
    nulls: 0
    std: 76.25445968565876
  volume:
    description: Traded volume during the interval
    max: 17408.9446
    mean: 240.41557031944447
    median: 117.23564999999999
    min: 1.8404
    name: volume
    nulls: 0
    std: 520.0963637935749
insights:
  avg_volume: 240.41557031944447
  price_range:
    max_close: 1946.14
    min_close: 1631.75
last_close: 1933.79
rows: 43200
sha256: 459341043dab7a159f7bf7256e610eb74eb90a94b723adc68a79f7bb9fb60aba
start_date: '2023-06-01 00:00:00+00:00'
symbol: ETH/USDT
timeframe: 1m
total_return_pct: 3.1459187864370186
updated: '2025-11-09T23:11:35.004859'
