end_date: '2023-01-31 23:59:00+00:00'
fields:
  close:
    description: Open/High/Low/Close/Volume for the interval
    max: 1677.69
    mean: 1459.5438662634408
    median: 1542.68
    min: 1191.54
    name: close
    nulls: 0
    std: 157.01944065564604
  high:
    description: Open/High/Low/Close/Volume for the interval
    max: 1679.26
    mean: 1460.04955734767
    median: 1543.53
    min: 1192.09
    name: high
    nulls: 0
    std: 157.21795071807216
  low:
    description: Open/High/Low/Close/Volume for the interval
    max: 1676.06
    mean: 1459.0341565860217
    median: 1541.79
    min: 1190.57
    name: low
    nulls: 0
    std: 156.8170086035943
  open:
    description: Open/High/Low/Close/Volume for the interval
    max: 1677.69
    mean: 1459.5350947580646
    median: 1542.68
    min: 1191.54
    name: open
    nulls: 0
    std: 157.02326233267385
  volume:
    description: Traded volume during the interval
    max: 19652.4861
    mean: 315.65876081541217
    median: 155.4943
    min: 2.6045
    name: volume
    nulls: 0
    std: 673.6314501396024
insights:
  avg_volume: 315.65876081541217
  price_range:
    max_close: 1677.69
    min_close: 1191.54
last_close: 1585.33
rows: 44640
sha256: 483210d87b813b2fa20bccbdfe5dbd205823b8ff300c34044fd1e41337cf9d08
start_date: '2023-01-01 00:00:00+00:00'
symbol: ETH/USDT
timeframe: 1m
total_return_pct: 32.53826925166996
updated: '2025-11-09T23:11:28.882735'
