end_date: '2023-04-30 23:59:00+00:00'
fields:
  close:
    description: Open/High/Low/Close/Volume for the interval
    max: 2136.52
    mean: 1917.0880967592593
    median: 1892.96
    min: 1764.15
    name: close
    nulls: 0
    std: 92.73352250748441
  high:
    description: Open/High/Low/Close/Volume for the interval
    max: 2141.54
    mean: 1917.700267361111
    median: 1893.545
    min: 1766.2
    name: high
    nulls: 0
    std: 92.79253781663198
  low:
    description: Open/High/Low/Close/Volume for the interval
    max: 2135.2
    mean: 1916.4602574074074
    median: 1892.35
    min: 1762.77
    name: low
    nulls: 0
    std: 92.67829878217161
  open:
    description: Open/High/Low/Close/Volume for the interval
    max: 2136.52
    mean: 1917.0869974537036
    median: 1892.96
    min: 1764.14
    name: open
    nulls: 0
    std: 92.73443196673178
  volume:
    description: Traded volume during the interval
    max: 17418.0616
    mean: 331.1830152962963
    median: 177.91635
    min: 2.9715
    name: volume
    nulls: 0
    std: 597.9599205369736
insights:
  avg_volume: 331.1830152962963
  price_range:
    max_close: 2136.52
    min_close: 1764.15
last_close: 1870.09
rows: 43200
sha256: 29b0f9c4b9f4c4488f59b3df9791ea1c7ad95c771253b7f2eb801911cf448999
start_date: '2023-04-01 00:00:00+00:00'
symbol: ETH/USDT
timeframe: 1m
total_return_pct: 2.622510014816437
updated: '2025-11-09T23:11:32.540105'
