end_date: '2025-06-30 23:59:00+00:00'
fields:
  close:
    description: Open/High/Low/Close/Volume for the interval
    max: 0.7312
    mean: 0.6249761597222222
    median: 0.6295
    min: 0.5125
    name: close
    nulls: 0
    std: 0.05249943826593576
  high:
    description: Open/High/Low/Close/Volume for the interval
    max: 0.7315
    mean: 0.6253350046296297
    median: 0.6298
    min: 0.5134
    name: high
    nulls: 0
    std: 0.052513695007024554
  low:
    description: Open/High/Low/Close/Volume for the interval
    max: 0.7301
    mean: 0.624619662037037
    median: 0.6292
    min: 0.51
    name: low
    nulls: 0
    std: 0.05248150596381503
  open:
    description: Open/High/Low/Close/Volume for the interval
    max: 0.7313
    mean: 0.6249801342592592
    median: 0.6295
    min: 0.5125
    name: open
    nulls: 0
    std: 0.05249749628032031
  volume:
    description: Traded volume during the interval
    max: 5882354.1
    mean: 76152.80970370371
    median: 37333.9
    min: 124.8
    name: volume
    nulls: 0
    std: 151905.53756952003
insights:
  avg_volume: 76152.80970370371
  price_range:
    max_close: 0.7312
    min_close: 0.5125
last_close: 0.5722
rows: 43200
sha256: b51088062c7bf26bfc1f4c081a7246d479e2a6105dbed878bc12ab6d15f785a4
start_date: '2025-06-01 00:00:00+00:00'
symbol: ADA/USDT
timeframe: 1m
total_return_pct: -16.57676046070855
updated: '2025-11-09T23:20:48.843169'
