end_date: '2025-07-31 23:59:00+00:00'
fields:
  close:
    description: Open/High/Low/Close/Volume for the interval
    max: 860.05
    mean: 721.9079941756272
    median: 703.275
    min: 644.06
    name: close
    nulls: 0
    std: 58.45711812800093
  high:
    description: Open/High/Low/Close/Volume for the interval
    max: 861.1
    mean: 722.1430990143368
    median: 703.56
    min: 644.37
    name: high
    nulls: 0
    std: 58.587557504901675
  low:
    description: Open/High/Low/Close/Volume for the interval
    max: 859.98
    mean: 721.6665712365592
    median: 703.04
    min: 643.71
    name: low
    nulls: 0
    std: 58.32728889329672
  open:
    description: Open/High/Low/Close/Volume for the interval
    max: 860.05
    mean: 721.9057988351254
    median: 703.275
    min: 644.06
    name: open
    nulls: 0
    std: 58.45713450875865
  volume:
    description: Traded volume during the interval
    max: 15647.004
    mean: 175.51605748879928
    median: 86.9915
    min: 0.947
    name: volume
    nulls: 0
    std: 360.6164888748433
insights:
  avg_volume: 175.51605748879928
  price_range:
    max_close: 860.05
    min_close: 644.06
last_close: 783.14
rows: 44640
sha256: d048c5b0d682691908f18a9d5802c849a83fdda32026598c2367997e988cc01a
start_date: '2025-07-01 00:00:00+00:00'
symbol: BNB/USDT
timeframe: 1m
total_return_pct: 19.17036946862256
updated: '2025-11-09T23:18:37.504834'
