end_date: '2024-02-29 23:59:00+00:00'
fields:
  close:
    description: Open/High/Low/Close/Volume for the interval
    max: 0.6246
    mean: 0.5366539631226053
    median: 0.5361
    min: 0.4904
    name: close
    nulls: 0
    std: 0.02482715365700183
  high:
    description: Open/High/Low/Close/Volume for the interval
    max: 0.626
    mean: 0.5368733764367816
    median: 0.5363
    min: 0.4905
    name: high
    nulls: 0
    std: 0.024914981604224777
  low:
    description: Open/High/Low/Close/Volume for the interval
    max: 0.6212
    mean: 0.5363940158045977
    median: 0.5358
    min: 0.49
    name: low
    nulls: 0
    std: 0.024738890936965074
  open:
    description: Open/High/Low/Close/Volume for the interval
    max: 0.6246
    mean: 0.5366358213601532
    median: 0.5361
    min: 0.4904
    name: open
    nulls: 0
    std: 0.024827418066958415
  volume:
    description: Traded volume during the interval
    max: 16976472.0
    mean: 291527.0204501916
    median: 166908.5
    min: 1087.0
    name: volume
    nulls: 0
    std: 456116.70714298834
insights:
  avg_volume: 291527.0204501916
  price_range:
    max_close: 0.6246
    min_close: 0.4904
last_close: 0.5867
rows: 41760
sha256: 901caf01012256ecd3815e811c5ebda0a1f79025d7e1c4b6bcaa2db9d3ccb12e
start_date: '2024-02-01 00:00:00+00:00'
symbol: XRP/USDT
timeframe: 1m
total_return_pct: 16.478062338693668
updated: '2025-11-09T23:15:52.046393'
