symbol: XRP/USDT
timeframe: 1h
rows: 8738
start_date: '2024-11-10 03:00:00'
end_date: '2025-11-09 04:00:00'
total_return_pct: 295.7990547873271
fields:
  open:
    name: open
    description: 'Open price for the interval'
    min: 0.57
    max: 3.6534
    mean: 2.46442827878233
    median: 2.4041
    std: 0.4963550753440202
    nulls: 0
  high:
    name: high
    description: 'Highest trade price during the interval'
    min: 0.5748
    max: 3.6607
    mean: 2.480747173266194
    median: 2.4197
    std: 0.49710487108828233
    nulls: 0
  low:
    name: low
    description: 'Lowest trade price during the interval'
    min: 0.5624
    max: 3.6003
    mean: 2.447333245593957
    median: 2.3882
    std: 0.4949331900155161
    nulls: 0
  close:
    name: close
    description: 'Close price for the interval'
    min: 0.5713
    max: 3.6535
    mean: 2.4646203593499654
    median: 2.4041
    std: 0.4959460339627881
    nulls: 0
  volume:
    name: volume
    description: 'Traded volume during the interval'
    min: 560848.2
    max: 387027842.0
    mean: 12541029.487959487
    median: 6357464.2
    std: 20005962.358590163
    nulls: 0
insights:
  price_range:
    min_close: 0.5713
    max_close: 3.6535
  avg_volume: 12541029.487959487
