end_date: '2023-02-28 23:59:00+00:00'
fields:
  close:
    description: Open/High/Low/Close/Volume for the interval
    max: 0.4204
    mean: 0.3909327554563492
    median: 0.3913
    min: 0.362
    name: close
    nulls: 0
    std: 0.012179313943480253
  high:
    description: Open/High/Low/Close/Volume for the interval
    max: 0.4204
    mean: 0.3910727827380952
    median: 0.3914
    min: 0.3634
    name: high
    nulls: 0
    std: 0.01218192517092358
  low:
    description: Open/High/Low/Close/Volume for the interval
    max: 0.4196
    mean: 0.39073834573412697
    median: 0.3911
    min: 0.3612
    name: low
    nulls: 0
    std: 0.01216700470386558
  open:
    description: Open/High/Low/Close/Volume for the interval
    max: 0.4204
    mean: 0.39091098214285713
    median: 0.3913
    min: 0.3621
    name: open
    nulls: 0
    std: 0.012174666502810363
  volume:
    description: Traded volume during the interval
    max: 10641142.0
    mean: 221080.52155257936
    median: 157721.0
    min: 561.0
    name: volume
    nulls: 0
    std: 294823.3917882193
insights:
  avg_volume: 221080.52155257936
  price_range:
    max_close: 0.4204
    min_close: 0.362
last_close: 0.3762
rows: 40320
sha256: 19c843eabf6138a2874aa153975dc9038800a91dc3704f13d015c115b6affab4
start_date: '2023-02-01 00:00:00+00:00'
symbol: XRP/USDT
timeframe: 1m
total_return_pct: -7.24852071005918
updated: '2025-11-09T23:15:35.712637'
