end_date: '2023-08-31 23:59:00+00:00'
fields:
  close:
    description: Open/High/Low/Close/Volume for the interval
    max: 1878.43
    mean: 1760.7087002688172
    median: 1822.81
    min: 1558.49
    name: close
    nulls: 0
    std: 88.08590548860107
  high:
    description: Open/High/Low/Close/Volume for the interval
    max: 1879.74
    mean: 1760.9948319892476
    median: 1823.04
    min: 1593.3
    name: high
    nulls: 0
    std: 87.98998949153885
  low:
    description: Open/High/Low/Close/Volume for the interval
    max: 1877.6
    mean: 1760.4209258512547
    median: 1822.37
    min: 1550.0
    name: low
    nulls: 0
    std: 88.18441102243723
  open:
    description: Open/High/Low/Close/Volume for the interval
    max: 1878.43
    mean: 1760.7133319892478
    median: 1822.82
    min: 1558.49
    name: open
    nulls: 0
    std: 88.08533603785587
  volume:
    description: Traded volume during the interval
    max: 16224.5079
    mean: 167.03361712589606
    median: 68.48755
    min: 1.3003
    name: volume
    nulls: 0
    std: 486.3820840754849
insights:
  avg_volume: 167.03361712589606
  price_range:
    max_close: 1878.43
    min_close: 1558.49
last_close: 1645.76
rows: 44640
sha256: 6a213b7a65800ffeaaab6a60dfb493145bc73d19d8000b4853b3d09201effeca
start_date: '2023-08-01 00:00:00+00:00'
symbol: ETH/USDT
timeframe: 1m
total_return_pct: -11.328063965172596
updated: '2025-11-09T23:11:37.331167'
