end_date: '2023-04-30 23:59:00+00:00'
fields:
  close:
    description: Open/High/Low/Close/Volume for the interval
    max: 0.4606
    mean: 0.40376753009259264
    median: 0.3976
    min: 0.3717
    name: close
    nulls: 0
    std: 0.020703599628590745
  high:
    description: Open/High/Low/Close/Volume for the interval
    max: 0.4617
    mean: 0.4039664074074074
    median: 0.3978
    min: 0.3724
    name: high
    nulls: 0
    std: 0.020726141539940058
  low:
    description: Open/High/Low/Close/Volume for the interval
    max: 0.4602
    mean: 0.4035635254629629
    median: 0.3973
    min: 0.3708
    name: low
    nulls: 0
    std: 0.020681036201972022
  open:
    description: Open/High/Low/Close/Volume for the interval
    max: 0.4606
    mean: 0.4037686319444444
    median: 0.3976
    min: 0.3717
    name: open
    nulls: 0
    std: 0.020703539507560355
  volume:
    description: Traded volume during the interval
    max: 5206272.7
    mean: 84804.1548101852
    median: 44906.75
    min: 0.0
    name: volume
    nulls: 0
    std: 164294.07992211307
insights:
  avg_volume: 84804.1548101852
  price_range:
    max_close: 0.4606
    min_close: 0.3717
last_close: 0.3956
rows: 43200
sha256: d6ec75873a46374b6ec5ad5f1a3e4da309e4525011caec033a023defc3a8d63e
start_date: '2023-04-01 00:00:00+00:00'
symbol: ADA/USDT
timeframe: 1m
total_return_pct: -0.7028112449799173
updated: '2025-11-09T23:20:32.433708'
