end_date: '2024-09-30 23:59:00+00:00'
fields:
  close:
    description: Open/High/Low/Close/Volume for the interval
    max: 2724.26
    mean: 2463.4940118055556
    median: 2435.0
    min: 2152.19
    name: close
    nulls: 0
    std: 136.03936701763945
  high:
    description: Open/High/Low/Close/Volume for the interval
    max: 2728.6
    mean: 2464.4917738425925
    median: 2435.995
    min: 2163.95
    name: high
    nulls: 0
    std: 135.98420969912908
  low:
    description: Open/High/Low/Close/Volume for the interval
    max: 2723.32
    mean: 2462.4792481481486
    median: 2433.675
    min: 2150.55
    name: low
    nulls: 0
    std: 136.1020354933785
  open:
    description: Open/High/Low/Close/Volume for the interval
    max: 2724.26
    mean: 2463.4922916666665
    median: 2435.0
    min: 2152.19
    name: open
    nulls: 0
    std: 136.03796264775505
  volume:
    description: Traded volume during the interval
    max: 10988.1224
    mean: 183.53045660185185
    median: 95.05515
    min: 0.7779
    name: volume
    nulls: 0
    std: 348.9702570678391
insights:
  avg_volume: 183.53045660185185
  price_range:
    max_close: 2724.26
    min_close: 2152.19
last_close: 2602.23
rows: 43200
sha256: c52debd3e733dc160f7ee3cd41fdc0b824e6687b47e01aee70ab784ca7983d0a
start_date: '2024-09-01 00:00:00+00:00'
symbol: ETH/USDT
timeframe: 1m
total_return_pct: 3.5709310609708833
updated: '2025-11-09T23:11:52.545642'
