end_date: '2024-05-31 23:59:00+00:00'
fields:
  close:
    description: Open/High/Low/Close/Volume for the interval
    max: 71947.77
    mean: 65101.87228270609
    median: 65817.23000000001
    min: 56594.02
    name: close
    nulls: 0
    std: 3540.869104032743
  high:
    description: Open/High/Low/Close/Volume for the interval
    max: 71979.0
    mean: 65122.21159341398
    median: 65830.0
    min: 56794.39
    name: high
    nulls: 0
    std: 3538.670055464954
  low:
    description: Open/High/Low/Close/Volume for the interval
    max: 71742.14
    mean: 65081.159604390676
    median: 65795.13500000001
    min: 56552.82
    name: low
    nulls: 0
    std: 3543.164856236366
  open:
    description: Open/High/Low/Close/Volume for the interval
    max: 71947.78
    mean: 65101.71969511649
    median: 65816.88500000001
    min: 56594.01
    name: open
    nulls: 0
    std: 3540.9123024126875
  volume:
    description: Traded volume during the interval
    max: 1451.73937
    mean: 21.1700501953405
    median: 11.52423
    min: 0.2191
    name: volume
    nulls: 0
    std: 35.55101743723977
insights:
  avg_volume: 21.1700501953405
  price_range:
    max_close: 71947.77
    min_close: 56594.02
last_close: 67540.01
rows: 44640
sha256: 84f6849e93f856e3428a4aa1f826b8831a5e5b3547da69e1bcccdb1056129ae5
start_date: '2024-05-01 00:00:00+00:00'
symbol: BTC/USDT
timeframe: 1m
total_return_pct: 11.191009630351667
updated: '2025-11-09T23:04:39.464624'
